Noise robustness — probes fit on CLEAN train features, tested on NOISY test features
sigma values: [0.0, 0.05, 0.1, 0.2, 0.3, 0.4]

[gaussian / linear]  accuracy   (retention vs sigma=0 in parens)
  MAE                    0.527(1.00)  0.522(0.99)  0.465(0.88)  0.415(0.79)  0.390(0.74)  0.362(0.69)
  I-JEPA                 0.517(1.00)  0.482(0.93)  0.495(0.96)  0.490(0.95)  0.443(0.86)  0.388(0.75)
  I-JEPA (EMA teacher)   0.505(1.00)  0.490(0.97)  0.482(0.96)  0.460(0.91)  0.438(0.87)  0.427(0.85)
  Random init            0.527(1.00)  0.472(0.90)  0.435(0.82)  0.343(0.65)  0.300(0.57)  0.295(0.56)

[gaussian / knn]  accuracy   (retention vs sigma=0 in parens)
  MAE                    0.480(1.00)  0.485(1.01)  0.500(1.04)  0.463(0.96)  0.497(1.04)  0.500(1.04)
  I-JEPA                 0.497(1.00)  0.495(0.99)  0.505(1.02)  0.482(0.97)  0.460(0.92)  0.438(0.88)
  I-JEPA (EMA teacher)   0.490(1.00)  0.507(1.04)  0.502(1.03)  0.497(1.02)  0.468(0.95)  0.427(0.87)
  Random init            0.502(1.00)  0.502(1.00)  0.497(0.99)  0.482(0.96)  0.517(1.03)  0.495(0.99)

[speckle / linear]  accuracy   (retention vs sigma=0 in parens)
  MAE                    0.527(1.00)  0.540(1.02)  0.515(0.98)  0.490(0.93)  0.460(0.87)  0.420(0.80)
  I-JEPA                 0.517(1.00)  0.520(1.00)  0.517(1.00)  0.502(0.97)  0.485(0.94)  0.480(0.93)
  I-JEPA (EMA teacher)   0.505(1.00)  0.517(1.02)  0.520(1.03)  0.502(1.00)  0.497(0.99)  0.497(0.99)
  Random init            0.527(1.00)  0.507(0.96)  0.472(0.90)  0.455(0.86)  0.415(0.79)  0.367(0.70)

[speckle / knn]  accuracy   (retention vs sigma=0 in parens)
  MAE                    0.480(1.00)  0.477(0.99)  0.490(1.02)  0.485(1.01)  0.480(1.00)  0.482(1.01)
  I-JEPA                 0.497(1.00)  0.502(1.01)  0.485(0.97)  0.495(0.99)  0.497(1.00)  0.492(0.99)
  I-JEPA (EMA teacher)   0.490(1.00)  0.490(1.00)  0.490(1.00)  0.505(1.03)  0.497(1.02)  0.497(1.02)
  Random init            0.502(1.00)  0.510(1.01)  0.490(0.98)  0.495(0.99)  0.470(0.94)  0.497(0.99)
