Sample efficiency — frozen features, probe refit on a stratified label subset
fractions [0.01, 0.02, 0.05, 0.1, 0.25, 0.5, 1.0]
n labels  [11, 22, 54, 108, 270, 540, 1080]

[linear] mean accuracy over 3 draws (sd)
  MAE                    0.464(0.031)  0.443(0.020)  0.457(0.005)  0.487(0.005)  0.504(0.016)  0.538(0.014)  0.527(0.000)
  I-JEPA                 0.445(0.027)  0.464(0.011)  0.460(0.007)  0.474(0.008)  0.518(0.028)  0.505(0.025)  0.517(0.000)
  I-JEPA (EMA teacher)   0.440(0.009)  0.450(0.013)  0.472(0.007)  0.472(0.005)  0.501(0.014)  0.510(0.013)  0.505(0.000)
  Random init            0.396(0.050)  0.419(0.029)  0.476(0.015)  0.470(0.022)  0.492(0.030)  0.511(0.004)  0.527(0.000)

[knn] mean accuracy over 3 draws (sd)
  MAE                    0.465(0.024)  0.470(0.036)  0.498(0.035)  0.487(0.016)  0.502(0.012)  0.499(0.010)  0.480(0.000)
  I-JEPA                 0.468(0.005)  0.475(0.028)  0.512(0.030)  0.512(0.028)  0.515(0.012)  0.515(0.025)  0.497(0.000)
  I-JEPA (EMA teacher)   0.467(0.014)  0.472(0.034)  0.513(0.023)  0.505(0.026)  0.511(0.010)  0.505(0.018)  0.490(0.000)
  Random init            0.442(0.003)  0.445(0.011)  0.470(0.031)  0.464(0.022)  0.502(0.006)  0.507(0.018)  0.502(0.000)
